Ejercicio 6
Aplique el algoritmo BuildHeap, para construir una min-heap en tiempo lineal, con los siguientes valores
{150, 80, 40, 10, 70, 110, 30, 120, 140, 60, 50, 130, 100, 20, 90}


{150, 80, 40, 10, 70, 110, 30, 120, 140, 60, 50, 130, 100, 20, 90} tamanio = 15
15 / 2 = 7
heap[7] = 30

20 < 30
{150, 80, 40, 10, 70, 110, 20, 120, 140, 60, 50, 130, 100, 30, 90}

100 < 110
{150, 80, 40, 10, 70, 100, 20, 120, 140, 60, 50, 130, 110, 30, 90}

50 < 70
{150, 80, 40, 10, 50, 100, 20, 120, 140, 60, 70, 130, 110, 30, 90}

10 < 120
{150, 80, 40, 10, 50, 100, 20, 120, 140, 60, 70, 130, 110, 30, 90}

20 < 40 
{150, 80, 20, 10, 50, 100, 40, 120, 140, 60, 70, 130, 110, 30, 90}
30 < 40
{150, 80, 20, 10, 50, 100, 30, 120, 140, 60, 70, 130, 110, 40, 90}

10 < 80
{150, 10, 20, 80, 50, 100, 30, 120, 140, 60, 70, 130, 110, 40, 90}

60 < 80
{150, 10, 20, 60, 50, 100, 30, 120, 140, 80, 70, 130, 110, 40, 90}

10 < 150
{10, 150, 20, 60, 50, 100, 30, 120, 140, 80, 70, 130, 110, 40, 90}
50 < 150
{10, 50, 20, 60, 150, 100, 30, 120, 140, 80, 70, 130, 110, 40, 90}
70 < 150
{10, 50, 20, 60, 70, 100, 30, 120, 140, 80, 150, 130, 110, 40, 90}
